101
3 1094.227573 917.823609
3 813.492635 699.503929
3 -668.210460 -105.338268
3 -1381.813502 1898.644442
4 -881.953086 1841.189221
5 -959.968086 1557.304791
2 -769.915406 1372.929176
2 -844.607193 1482.094095
3 -1014.100093 1387.292981
2 -1246.793735 1752.133630
2 -1137.628816 1720.533259
2 -1206.575081 1619.986623
3 -1453.632528 1680.314605
2 -1442.141484 1505.076183
2 -1485.232899 1562.531403
3 -1212.320603 1439.002679
2 -1186.465753 1907.262725
2 -1358.831414 2088.246669
3 -791.832712 2141.483270
1 -333.255732 1970.463467
3 -126.550926 2231.458525
1 -399.329235 1401.656786
2 -813.006821 1622.859384
2 -522.857959 1709.042215
3 462.499069 1984.827272
2 244.169232 2142.829128
3 1229.526260 1355.692610
3 689.447189 1769.370196
2 945.122920 1579.767969
3 410.789371 1536.676554
3 224.059905 1858.425788
3 945.122920 1145.981056
3 -17.252020 1182.820387
3 201.907130 1202.919380
3 -1048.573225 1255.145974
3 -904.935174 1235.036647
3 -815.879582 878.814281
5 -1298.858375 149.682011
3 -626.277355 496.737066
2 -1048.573225 381.826626
3 534.447972 850.389828
2 200.449800 664.699712
2 -172.381115 341.607972
2 -588.931462 327.244167
3 130.767344 1062.216250
3 -326.724004 967.015120
2 -91.943807 1019.579571
3 255.472528 870.946658
3 -919.298979 1128.744490
2 -1258.284779 1051.179942
2 -1522.578792 1160.344861
2 -1634.616472 792.631451
2 -1344.467609 792.631451
2 -1332.976565 703.575860
2 -1174.974709 600.156463
4 -732.953997 673.370355
3 -1714.766504 1410.275069
3 -1767.742178 1216.653778
1 -3447.748317 1557.388223
1 -1447.887006 2427.232469
2 -1933.096341 493.577029
2 1435.503225 89.092278
3 1509.636760 -160.850155
3 794.015690 -808.358263
3 2263.432949 831.701001
4 2491.562243 -817.686718
3 1795.747456 -1642.608061
4 2904.920484 -204.791173
2 1950.589275 310.294877
2 1268.021258 -751.477595
4 1656.406322 -245.871656
4 2091.893376 -1322.546743
3 4036.213772 -713.557149
3 3740.827140 -1135.853866
3 3622.248910 -1392.965129
2 3739.170283 -1822.730177
3 4175.320656 -2619.076933
2 3714.317250 -2074.631621
4 4728.261900 -1920.691328
2 4244.727639 -1364.025211
3 4089.934403 -1607.847653
2 4902.063942 -1620.487802
2 3518.750863 -884.105561
2 5107.411259 -1213.448944
3 4488.971815 -933.961888
3 3825.713311 -994.580359
3 5209.032611 -2145.486985
3 3163.990219 170.960370
2 64.449390 246.566623
2 1873.616409 460.238877
2 -305.608975 1695.128950
3 -46.854380 1738.739275
3 1082.974625 842.015029
4 1561.623782 1165.448118
1 1854.488919 1436.150488
3 -121.199522 823.096890
3 3378.862617 -1275.498828
2 -161.186695 -547.623263
2 2038.078973 1177.795937
2 5747.889919 -1042.123255
2 4232.863700 -3043.877354
132
42 41
42 43
38 43
55 38
55 39
39 37
55 54
54 53
53 52
52 51
51 50
50 49
48 49
35 48
35 34
57 58
56 57
56 34
34 8
59 56
57 60
6 8
7 6
5 7
5 15
15 13
13 14
14 12
12 9
9 10
10 11
3 12
3 16
16 4
17 3
18 17
18 4
4 5
5 22
22 21
4 23
23 90
90 91
91 30
18 20
20 19
20 25
25 24
24 30
24 27
27 29
30 29
27 28
28 26
26 31
31 0
0 92
92 1
26 93
93 0
94 93
1 40
41 40
40 47
47 95
44 47
44 33
33 32
1 88
88 2
95 45
45 38
45 36
36 48
46 44
46 95
91 32
35 32
33 92
31 29
89 61
89 64
61 62
62 63
62 70
70 68
70 69
70 65
68 67
69 71
71 66
71 65
65 67
67 87
67 72
72 84
72 85
85 82
85 73
73 74
96 74
82 96
96 65
74 80
73 79
79 84
84 83
83 81
81 78
80 78
80 75
75 77
77 76
76 78
76 71
78 86
55 36
15 8
11 5
37 37
37 2
37 60
2 97
97 63
93 98
98 64
64 87
63 66
66 100
100 86
99 86
99 87

