134
3 -4199.031875 -2503.546002
3 -4176.660457 -605.981966
4 -3396.951945 992.700954
4 -2174.099747 -628.419621
2 -2897.714121 -3124.608741
2 -3357.686049 -1716.645889
4 -2078.739713 -1553.972890
2 -2308.725677 -3208.749947
2 -2011.426748 -3001.201638
3 -3615.719082 -2580.495607
3 -1590.720717 -2210.274299
2 -3413.780187 1979.957774
2 -895.153412 2883.073389
3 -2140.443265 2445.539116
2 -2830.401156 1469.501123
4 -1857.725053 1515.594237
2 -453.527464 1997.988786
2 263.034026 2605.244286
3 850.047676 2419.019266
3 -420.087928 925.332671
2 -1514.200404 317.915236
3 -3368.353864 560.817436
2 -3404.789194 -1.905994
3 -2408.890174 6.190746
3 -2433.180394 572.962546
4 607.388378 1753.588689
2 -2079.352856 -67.084751
3 -17.841885 -212.097364
2 1909.951425 2184.618643
4 2463.039735 1747.759036
2 920.003509 553.408919
3 2422.960872 541.385260
3 515.206993 -268.207772
4 -671.127352 -1394.423823
4 -883.545325 -2572.742395
3 459.096585 -717.091038
2 471.120244 -1622.873342
3 1400.949865 -1290.218779
2 -18.242673 -2729.851538
2 -134.070587 -3630.824378
2 1144.445142 -3851.258124
3 1950.030288 -1350.337073
2 787.021842 -149.574338
3 3479.372776 -320.190058
3 3482.697556 471.630289
3 3471.376939 1795.821222
2 3751.331301 2533.141770
2 4004.496515 -4437.099541
4 11303.800725 -1054.851335
3 14053.600027 1662.973556
4 13915.044249 746.373789
2 17240.382939 -3687.411132
4 15087.439300 -980.244377
3 17165.775981 -2653.571859
3 15257.969489 799.664473
3 15279.285763 1716.264240
2 16920.638834 1641.657283
3 16888.664424 746.373789
2 7298.759797 118.430265
3 7316.740284 -1113.233121
2 7317.646755 1123.018502
2 7361.691503 -2263.984314
2 7314.110279 -4009.500812
3 3383.968878 -1444.416707
2 3399.829286 -2396.041195
2 3352.248061 -3419.037519
2 3352.248061 -4331.010986
2 7341.140705 -3181.131397
5 8427.578661 -1158.929361
3 9791.573760 -1158.929361
3 8379.997437 442.971860
2 9720.201924 1576.991040
2 8340.346417 1592.851449
4 11337.963552 1561.130632
2 11290.382328 641.226961
3 11290.382328 -262.816302
2 12606.796202 1616.642061
4 12210.285999 -1016.185688
3 13122.259466 -968.604464
2 8435.508865 -2364.320379
2 8419.648457 -3569.711396
2 9672.620699 -3633.153029
4 11369.684369 -3649.013437
2 12360.959876 -3609.362416
2 13835.977832 -3656.943641
2 15429.948848 -3641.083233
2 11322.103144 -1912.298747
2 11337.963552 -2721.179561
1 13535.809523 -2604.660765
3 15604.413338 -151.793445
2 16341.922316 -1000.325280
4 17238.035375 -944.813851
2 17269.756191 -1912.298747
3 17190.454150 6.810636
4 14073.883954 -239.025690
4 14129.395382 -944.813851
2 -7413.729277 -1336.760276
2 -6219.231482 -1376.911463
3 -4221.709957 -1366.873666
2 -5285.716397 -1376.911463
3 9301.054304 322.805659
1 -7877.986680 -1339.195591
1 -1590.808799 -4387.405022
2 -1290.683358 -3440.030816
2 -1461.004198 -3882.184876
2 -4209.326716 -3645.569081
1 -4208.587449 -4113.354003
2 -4149.799560 1628.027826
2 -4167.495056 2169.463602
1 -4173.800801 2616.111767
2 6803.467502 -4296.914846
2 17776.987846 -851.214796
2 11378.356749 -4152.184661
1 11390.174061 -4512.803282
1 11366.539438 2132.530130
2 7387.026953 2060.037846
2 6801.243786 2238.377494
2 4590.199054 2694.233667
2 4999.929390 2907.072465
2 5859.797867 2791.567744
2 6285.411700 2574.027461
2 4466.943207 -4776.151588
2 4781.753806 -4960.082407
2 5808.462436 -4972.916264
2 6181.724291 -4514.836375
2 14221.728698 -2646.756113
3 15024.135844 -2657.747991
2 16106.835897 -2696.219567
2 15062.607419 -1860.836785
2 13111.843432 684.639437
5 13111.843432 -277.855624
1 18382.759401 -845.103493
3 -4145.502641 955.766145
2 -4151.399158 230.494529
168
7 8
7 4
4 9
9 5
0 9
5 6
3 6
6 10
10 8
1 3
13 15
15 14
14 2
11 2
11 13
13 12
12 16
17 16
20 24
24 23
23 22
22 21
2 21
21 24
15 20
15 19
23 26
26 3
19 27
27 3
19 25
17 18
18 25
18 28
28 29
25 29
29 31
25 30
30 31
6 33
10 34
32 35
35 33
35 37
37 36
36 33
33 34
34 38
39 40
38 39
40 41
41 37
27 32
32 42
42 43
45 46
45 44
44 43
31 44
29 45
49 50
53 51
54 57
57 56
56 55
55 54
54 50
49 55
47 66
66 65
65 64
64 63
63 43
63 41
67 62
67 61
61 59
59 58
58 60
69 48
69 68
68 59
70 68
72 71
72 70
74 75
75 48
73 74
71 73
73 76
76 49
78 77
77 48
80 81
79 80
79 68
81 82
86 87
87 82
86 48
82 83
83 84
84 85
85 51
57 93
93 89
93 91
91 92
92 53
91 90
90 52
89 52
50 94
78 95
94 89
94 95
95 52
96 97
97 99
99 98
1 98
98 0
70 100
100 69
100 68
96 101
103 104
104 102
34 103
0 105
105 106
109 108
108 107
62 110
91 111
82 112
112 113
114 73
116 115
115 60
46 117
117 118
118 119
119 120
120 116
47 121
121 122
122 123
123 124
124 110
126 127
127 53
126 125
125 88
52 128
128 126
129 130
130 78
130 77
130 95
130 94
129 50
75 77
111 131
132 133
133 1
132 107
132 2

