126
4 8463.456245 -948.675759
4 9127.214325 -955.812942
3 9776.698038 -934.401391
3 10611.748526 -934.401391
2 8463.456245 -1591.022288
2 8463.456245 -2326.152204
2 8427.770327 -3068.419305
2 8449.181878 -3632.256813
2 9184.311794 -3646.531181
2 9926.578895 -3667.942732
2 10611.748526 -3660.805548
3 11296.918157 -3653.668364
2 12010.636522 -3653.668364
2 12645.845868 -3653.668364
2 13245.369295 -3653.668364
2 13766.383702 -3675.079915
2 14330.221210 -3667.942732
2 14794.138148 -3675.079915
2 15365.112841 -3667.942732
2 15829.029778 -3660.805548
2 16209.682091 -3666.039734
3 16647.671163 -3674.365819
3 16677.408799 -3174.048867
4 16914.309096 -2611.639551
1 13329.690534 -2645.997552
2 13804.563524 -2645.997552
3 15016.218206 -2627.241835
2 15500.719330 -2625.913918
3 16186.386561 -2614.792984
2 15027.009375 -2191.540914
2 15022.528025 -1455.415798
3 15001.116474 -1030.036010
4 11261.232238 -934.401391
3 8363.535674 -313.466413
3 8334.986939 236.096728
2 8334.986939 692.876482
2 8320.712572 1627.847541
2 8313.575388 1185.342154
2 8777.492326 1599.298807
2 9319.918284 1620.710358
2 9947.990445 1599.298807
2 10461.867669 1599.298807
3 11104.214198 1570.750072
2 11732.286360 1599.298807
2 12346.084154 1599.298807
2 12874.235745 1585.024439
2 13402.387335 1592.161623
3 13944.813293 1563.612888
2 11254.095055 1064.010032
2 11268.369422 571.544360
2 11282.643789 50.529953
3 11275.506606 -420.524168
2 11389.701544 -1533.924819
2 11432.524646 -2054.939225
2 11425.387462 -2554.542081
2 11453.936197 -3218.300161
2 13923.401742 1106.833134
4 13937.676109 635.779013
1 12538.788113 749.973951
3 13009.842234 764.248319
2 13459.484804 678.602115
2 13088.351254 378.840401
3 13116.899989 -142.174006
3 11796.521012 -606.090943
4 12396.044440 -634.639678
4 13031.253785 -656.051229
3 13673.600314 -648.914045
4 14187.190593 -652.339165
4 14187.477537 -220.683026
2 14080.419782 193.273626
2 14430.141782 678.602115
3 15022.528025 707.150850
2 15586.365534 735.699584
3 16100.242757 707.150850
4 16499.925042 707.150850
3 14733.041671 -606.512254
2 15008.253658 -56.527802
2 15614.914268 -56.527802
4 16400.004471 -49.390618
3 16628.394348 293.194197
3 16871.058592 -1997.841756
4 16842.509857 -1505.376084
3 16835.372674 -970.087310
2 15641.033083 -1039.316170
2 16213.863807 -1054.585737
3 16771.138021 -449.072903
2 14401.593047 1706.356561
3 15072.488311 1677.807827
2 15200.957616 1263.851175
2 15721.972023 1663.533459
3 16335.769818 1649.259092
4 16378.592920 1213.890889
3 9164.003438 -542.757288
3 8726.170408 410.173423
3 9117.644646 420.475376
5 8901.303620 -12.206676
3 9349.438603 173.228489
3 9318.532742 -197.641842
3 8705.566501 -547.908265
3 8633.452826 -202.792818
1 12387.845298 -287.114309
1 12394.077980 -1097.362962
1 9770.118880 -1402.764378
1 10611.530943 -1433.927787
1 9153.083367 -1390.299014
2 13347.489393 -1147.593217
1 14266.409789 -1163.436672
3 14715.307683 -165.299001
2 15021.086367 -1848.930162
2 14637.674753 -2638.990456
2 14201.979738 -2633.181190
1 16188.749007 -2946.881600
2 16522.673448 -2620.092272
2 13627.110130 -121.540117
3 17074.534480 691.607409
3 17049.927653 1177.580713
2 16967.154168 1660.513475
3 17050.708326 249.519963
3 17116.537113 -474.596695
3 17279.541729 -1565.473739
3 17295.215249 -2637.542558
3 17163.557675 -3230.001642
2 17142.280787 -3684.035593
3 17164.329374 -86.519829
3 17266.464665 -1013.055558
3 17290.964408 -2042.044757
158
36 37
37 35
35 34
34 33
33 0
0 4
4 5
5 6
6 7
7 8
8 9
9 10
10 11
11 55
55 54
54 53
53 52
52 32
32 3
3 2
2 1
1 0
34 93
93 94
94 96
96 97
97 92
92 98
33 99
99 98
99 95
95 93
95 94
95 96
95 97
92 1
98 0
36 38
38 39
39 40
40 41
41 42
42 48
48 49
49 50
50 51
51 63
51 32
32 63
43 42
43 44
44 45
45 46
46 47
47 56
56 57
57 60
60 59
59 58
59 61
61 62
62 65
65 64
64 63
100 64
64 101
3 103
2 102
1 104
65 66
65 105
105 66
66 67
67 106
67 68
68 69
69 57
57 70
67 75
76 107
107 75
107 68
76 77
70 71
47 86
86 87
87 89
87 88
88 71
89 90
90 91
91 73
73 72
72 71
73 74
91 74
74 79
79 78
78 77
78 85
85 82
82 81
81 84
84 83
83 31
31 30
75 31
81 80
80 23
23 22
22 21
21 20
20 19
19 18
18 17
17 16
16 15
15 14
14 13
13 12
12 11
30 108
108 29
29 26
109 26
25 110
110 109
25 24
26 27
27 28
28 111
28 112
112 23
62 113
113 68
90 116
116 115
115 91
115 114
114 74
117 114
117 79
117 123
123 118
118 85
123 78
118 124
124 119
124 82
119 81
120 23
119 125
125 80
125 120
120 121
121 122
122 21
121 22

